100
3 1 5 15 13 11
3 0 8 23 22 21
1 1 1 18
2 0 1 5 30
2 0 7 17 17
2 0 8 20 11
2 0 1 23 9
2 1 1 6 4
2 0 6 28 17
3 0 4 3 2 23
1 0 6 3
3 1 3 8 5 5
1 0 10 27
2 2 3 25 15
1 1 3 16
1 0 3 6
1 0 10 12
2 0 8 1 30
3 0 3 6 11 6
3 2 10 2 7 19
3 0 3 6 21 5
1 1 6 22
3 2 6 15 14 15
3 0 9 22 26 9
1 0 6 14
3 0 9 24 21 23
2 1 3 5 6
2 0 7 18 7
2 0 7 18 17
2 0 7 22 22
3 2 7 4 20 7
3 1 3 6 5 6
1 0 8 21
3 0 9 2 7 26
1 0 6 14
2 0 2 2 2
3 0 6 8 8 30
2 0 10 20 25
3 0 0 19 10 6
1 0 6 15
1 1 8 16
1 1 1 18
3 3 2 26 8 13
3 0 3 18 10 15
3 0 1 0 0 0
1 1 3 19
1 1 3 4
3 0 1 19 19 4
1 0 6 15
3 0 0 0 0 0
2 0 2 14 11
3 3 7 14 28 16
1 0 2 3
2 0 0 3 4
3 2 5 19 24 5
1 0 1 6
2 1 4 8 8
1 0 3 29
1 0 9 24
1 0 6 19
1 0 9 24
3 3 9 18 17 21
3 3 5 8 12 8
3 0 7 3 17 21
1 0 3 6
3 0 2 3 3 25
3 0 2 0 8 3
3 3 1 8 17 16
3 0 0 30 30 30
3 2 10 13 10 11
3 1 8 3 5 12
1 0 9 4
2 1 4 8 9
2 1 6 11 5
1 1 10 9
2 2 2 19 27
3 0 7 24 15 17
1 1 6 25
2 2 2 28 8
1 0 1 13
3 0 8 0 21 20
2 0 6 28 28
3 0 9 9 27 2
2 0 8 26 12
1 0 7 17
3 0 6 14 28 3
2 0 4 8 9
3 2 6 15 15 15
1 0 2 3
3 2 10 18 25 13
3 1 4 2 28 12
3 0 5 7 10 27
2 0 9 28 8
2 1 10 27 26
1 1 1 8
3 2 1 24 0 25
3 3 7 3 20 17
2 0 10 30 30
3 2 8 25 23 1
2 1 1 30 27
